0 32768 32768 1 2 3 4 5 6 7 8 9
10 11 12 13 14 15 32768 16 32768 32768 32768 17
18 19 20 21 22 23 32768 32768 24 25 32768 26
27 28 29 30 32768 31 32768 32 33 34 35 36
37 38 39 32800 32800 32800 32800 32800 32800 32800 32800 32800
32800 32800 32800 32800 32800 32800 32800 32800 32800 32800 32800 32800
32800 32800 32800 32800 32800 32800 32800 32800 32800 32800 32800 32800
32800 32800 32800 32800 32800 32800 32800 32800 32800 32800 32800 32800
32800 32800 32800 32800 32800 32800 32800 32800 32800 32800 32800 32800
32800 32800 32800 32800 32800 32800 32800 32800 32800 32800 32800 32800
32800 32800 32800 32800 32800 32800 32800 32800 32800 32800 32800 32800
32800 32800 32800 32800 32800 32800 32800 32800 32800 32800 32800 32800
32800 32800 32800 32800 32800 32800 32800 32800 32800 32800 32800 32800
32800 32800 32800 32800 32800 32800 32800 32800 40 32768 41 32768
42 43 44 45 32768 32768 32768 32768 32768 32768 32768 32768
32768 32768 32768 32768 32768 32768 32768 32768 32768 32768 32768 32768
32768 32768 32768 32768 32768 32768 32768 32768 32768 32768 32768 32768
32768 32768 32768 32768 32768 32768 32768 32768 32768 32768 32768 46
32768 32768 32768 32768 32768 32768 32768 32768 32768 32768 32768 32768
32768 32768 32768 32768 32768 32768 32768 32768 32768 32768 32768 32768
32768 32768 32768 32768 32768 32768 32768 32768 32768 32800 32800 47
32768 32768 48 49 32768 50 51 52 32768 32768 32768 32768
32768 32768 53 32768 32768 54 55 56 57 58 59 60
61 62 63 64 65 66 67 68 69 70 71 72
32768 32768 32768 32768 32768 32768 32768 32768 32768 32768 32768 32768
32768 32768 32768 32768 32768 32768 32768 32768 73 32768 32768 32768
32768 32768 32768 32768 32768 32768 32768 32768 32768 32768 32768 32768
32768 32768 32768 32768 32768 32768 32768 32768 32768 32768 32768 32768
32768 32768 32768 32768 32768 32768 32768 32768 32768 32768 32768 32768
32768 32768 32768 32768 32768 74 32768 32768 32768 32768 32768 32768
32768 32768 75 76 32768 77 32768 78 32800 32800 32800 32800
32800 32800 32800 32800 32800 32800 32800 32800 32800 32800 32800 32800
32800 32800 32800 32800 32800 32800 32800 32800 32800 32800 32800 32800
79 80 32768 32768 32768 32768 32768 32768 32768 32768 32768 32768
32768 32768 32768 32768 32768 32768 32768 32768 32768 32768 32768 32768
32768 32768 32768 32768 32768 32768 32768 32768 32768 32768 32768 81
32800 82 83 32768 32768 32768 32768 32768 32768 32768 32768 32768
84 32768 32768 32768 32768 32768 32768 32768 32768 32768 32768 32768
32768 32768 32768 32768 32768 32768 32768 85 32768 86 87 88
32768 32768 32768 32768 32768 32768 89 32768 32768 32768 32768 32768
90 76 91 32768 92 93 94 32768 95 96 32768 32768
32768 32768 32768 32768 97 98 99 100 101 102 103 104
105 106 107 32768 32784 32784 32784 108 32800 32800 32800 32800
32800 32800 32800 32800 32800 32800 32800 32800 32800 32800 32800 32800
32800 32800 32800 32800 32800 32800 32800 32800 32800 32800 32800 32800
32800 32800 32800 32800 32800 32800 32800 32800 32800 32800 32800 32800
32800 32800 32800 32800 32800 32800 32800 32800 32800 32800 32800 32800
32800 32800 32800 32800 32800 32800 32800 32800 32800 32800 32800 32800
32800 32800 32800 32800 32800 32800 32800 32800 32800 32800 32800 32800
32800 32800 32800 32800 32800 32800 32800 32800 32800 32800 32800 32800
32800 32800 32800 32800 32800 32800 32800 32800 32800 32800 32800 32800
32800 32800 32800 32800 32800 32800 32800 32800 32800 32800 32800 32800
32800 32800 32800 32800 32800 32800 32800 32800 32800 32800 32800 32800
32800 32800 32800 32800 32800 32800 32800 32800 32800 32800 32800 32800
32800 32800 32800 32800 32800 32800 32800 32800 32800 32800 32800 32800
32800 32800 32800 32800 32800 32800 32800 32800 32800 32800 32800 32800
32800 32800 32800 32800 32800 32800 32800 32800 32800 32800 32800 32800
32800 32800 32800 32800 32800 32800 32800 32800 32800 32800 32800 32800
32800 32800 32800 32800 32800 32800 32800 32800 32800 32800 32800 32800
32800 32800 32800 32800 32800 32800 32800 32800 32800 32800 32800 32800
32800 32800 32800 32800 32800 32800 32800 32800 32800 32800 32800 32800
32800 32800 32800 32800 32800 32800 32800 32800 32800 32800 32800 32800
32800 32800 32800 32800 32800 32800 32800 32800 32800 32800 32800 32800
32800 32800 32800 32800 32800 32800 32800 32800 32800 32800 32800 109
32800 32800 32800 32800 32800 32800 32800 32800 32800 32800 32800 32800
32800 32800 32800 32800 32800 32800 32800 32800 32800 32800 32800 32800
32800 32800 32800 32800 32800 32800 32800 32800 32800 32800 32800 32800
32800 32800 32800 32800 32800 32800 32800 32800 32800 32800 32800 32800
32800 32800 32800 32800 32800 32800 32800 32800 32800 32800 32800 32800
32800 32800 32800 32800 32800 32800 32800 32800 32800 32800 32800 32800
32800 32800 32800 32800 32800 32800 32800 32800 32800 32800 32800 32800
32800 32800 32800 32800 32800 32800 32800 32800 32800 32800 32800 32800
32800 32800 32800 32800 32800 32800 32800 32800 32800 32800 32800 32800
32800 32800 32800 32800 32800 32800 32800 32800 32800 32800 32800 32800
32800 32800 32800 32800 32800 32800 32800 32800 32800 32800 32800 32800
32800 32800 32800 32800 32800 32800 32800 32800 32800 32800 32800 32800
32800 32800 32800 32800 32800 32800 32800 32800 32800 32800 32800 32800
32800 32800 32800 32800 32800 32800 32800 32800 32800 32800 32800 32800
32800 32800 32800 32800 32800 32800 32800 32800 32800 32800 32800 32800
32800 32800 32800 32800 32800 32800 32800 32800 32800 32800 32800 32800
32800 32800 32800 32800 32800 32800 32800 32800 32800 32800 32800 32800
32800 32800 32800 32800 32800 32800 32800 32800 32800 32800 32800 32800
32800 32800 32800 32800 32800 32800 32800 32800 32800 32800 32800 32800
32800 32800 32800 32800 32800 32800 32800 32800 32800 32800 32800 32800
32800 32800 32800 32800 32800 32800 32800 32800 32800 32800 32800 32800
32800 32800 32800 109 32768 32768 32768 32768 32768 32768 32768 32768
32768 32768 32768 32768 32768 32768 32768 32768 32768 32768 32768 32768
32768 32768 32768 32768 32768 32768 32768 32768 32768 32768 32768 32768
32768 32768 32768 32768 32768 32768 32768 32768 32768 32768 32768 32768
32768 32768 32768 32768 32768 32768 32768 32768 32768 32768 32768 32768
32768 32768 32768 32768 32768 32768 32768 32768 32768 32768 32768 32768
32768 32768 32768 32768 32768 32768 32768 32768 32768 32768 32768 32768
32768 32768 32768 32768 32768 32768 32768 32768 32768 32768 32768 32768
32768 32768 32768 32768 32768 32768 32768 32768 32768 32768 32768 32768
32768 32768 32768 32768 32768 32768 32768 32768 32768 32768 32768 32768
32768 32768 32768 32768 32768 32768 32768 32768 32768 32768 32768 32768
32768 32768 32768 32768 32768 32768 32768 32768 32768 32768 32768 32768
32768 32768 32768 32768 32768 32768 32768 32768 32768 32768 32768 32768
32768 32768 32768 32768 32768 32768 32768 32768 32768 32768 32768 32768
32768 32768 32768 32768 32768 32768 32768 32768 32768 32768 32768 32768
32768 32768 32768 32768 32768 32768 32768 32768 32768 32768 32768 32768
32768 32768 32768 32768 32768 32768 32768 32768 32768 32768 32768 32768
32768 32768 32768 32768 32768 32768 32768 32768 32768 32768 32768 32768
32768 32768 32768 32768 32768 32768 32768 32768 32768 32768 32768 32768
32768 32768 32768 32768 32768 32768 32768 32768 32768 32768 32768 32768
32768 32768 32768 32768 32768 32768 32768 32768 32768 32768 32768 32768
32768 32768 32768 32768 32768 32768 32768 32768 32768 32768 32768 32768
32768 32768 32768 32768 32768 32768 32768 32768 32768 32768 32768 32768
32768 32768 32768 32768 32768 32768 32768 32768 32768 32768 32768 32768
32768 32768 32768 32768 32768 32768 32768 32768 32768 32768 32768 32768
32768 32768 32768 32768 32768 32768 32768 32768 32768 32768 32768 32768
32768 32768 32768 32768 32768 32768 32768 32768 32768 32768 32768 32768
32768 32768 32768 32768 32768 32768 32768 32768 32768 32768 32768 32768
32768 32768 32768 32768 32768 32768 32768 32768 32768 32768 32768 32768
32768 32768 32768 32768 32768 32768 32768 32768 32768 32768 32768 32768
32768 32768 32768 32768 32768 32768 32768 32768 32768 32768 32768 32768
32768 32768 32768 32768 32768 32768 32768 32768 32768 32768 32768 32768
32768 32768 32768 32768 32768 32768 32768 32768 32768 32768 32768 32768
32768 32768 32768 32768 32768 32768 32768 32768 32768 32768 32768 32768
32768 32768 32768 32768 32768 32768 32768 32768 32768 32768 32768 32768
32768 32768 32768 32768 32768 32768 32768 32768 32768 32768 32768 32768
32768 32768 32768 32768 32768 32768 32768 32768 32768 32768 32768 32768
32768 32768 32768 32768 32768 32768 32768 32768 32768 32768 32768 32768
32768 32768 32768 32768 32768 32768 32768 32768 32768 32768 32768 32768
32768 32768 32768 32768 32768 32768 32768 32768 32768 32768 32768 32768
32768 32768 32768 32768 32768 32768 32768 32768 32768 32768 32768 32768
32768 32768 32768 32768 32768 32768 32768 32768 32768 32768 32768 32768
32768 32768 32768 32768 32768 32768 32768 32768 32768 32768 32768 32768
32768 32768 32768 32768 32768 32768 32768 32768 32768 32768 32768 32768
32768 32768 32768 32768 32768 32768 32768 32768 32768 32768 32768 32768
32768 32768 32768 32768 32768 32768 32768 32768 32768 32768 32768 32768
32768 32768 32768 32768 32768 32768 32768 32768 32768 32768 32768 32768
32768 32768 32768 32768 32768 32768 32768 32768 32768 32768 32768 32768
32768 32768 32768 32768 32768 32768 32768 32768 32768 32768 32768 32768
32768 32768 32768 32768 32768 32768 32768 32768 32768 32768 32768 32768
32768 32768 32768 32768 32768 32768 32768 32768 32768 32768 32768 32768
32768 32768 32768 32768 32768 32768 32768 32768 32768 32768 32768 32768
32768 32768 32768 32768 32768 32768 32768 32768 32768 32768 32768 32768
32768 32768 32768 32768 32768 32768 32768 32768 32768 32768 32768 32768
32768 32768 32768 32768 32768 32768 32768 32768 32768 32768 32768 32768
32768 32768 32768 32768 32768 32768 32768 32768 32768 32768 32768 32768
32768 32768 32768 32768 32768 32768 32768 32768 32768 32768 32768 32768
32768 32768 32768 32768 32768 32768 32768 32768 32768 32768 32768 32768
32768 32768 32768 32768 32768 32768 32768 32768 32768 32768 32768 32768
32768 32768 32768 32768 32768 32768 32768 32768 32768 32768 32768 32768
32768 32768 32768 32768 32768 32768 32768 32768 32768 32768 32768 32768
32768 32768 32768 32768 32768 32768 32768 32768 32768 32768 32768 32768
32768 32768 32768 32768 32768 32768 32768 32768 32768 32768 32768 32768
32768 32768 32768 32768 32768 32768 32768 32768 32768 32768 32768 32768
32768 32768 32768 32768 32768 32768 32768 32768 32768 32768 32768 32768
32768 32768 32768 32768 32768 32768 32768 32768 32768 32768 32768 32768
32768 32768 32768 32768 32768 32768 32768 32768 32768 32768 32768 32768
32768 32768 32768 32768 32768 32768 32768 32768 32768 32768 32768 32768
32768 32768 32768 32768 32768 32768 32768 32768 32768 32768 32768 32768
32768 32768 32768 32768 32768 32768 32768 32768 32768 32768 32768 32768
32768 32768 32768 32768 32768 32768 32768 32768 32768 32768 32768 32768
32768 32768 32768 32768 32768 32768 32768 32768 32768 32768 32768 32768
32768 32768 32768 32768 32768 32768 32768 32768 32768 32768 32768 32768
32768 32768 32768 32768 32768 32768 32768 32768 32768 32768 32768 32768
32768 32768 32768 32768 32768 32768 32768 32768 32768 32768 32768 32768
32768 32768 32768 32768 32768 32768 32768 32768 32768 32768 32768 32768
32768 32768 32768 32768 32768 32768 32768 32768 32768 32768 32768 32768
32768 32768 32768 32768 32768 32768 32768 32768 32768 32768 32768 32768
32768 32768 32768 32768 32768 32768 32768 32768 32768 32768 32768 32768
32768 32768 32768 32768 32768 32768 32768 32768 32768 32768 32768 32768
32768 32768 32768 32768 32768 32768 32768 32768 32768 32768 32768 32768
32768 32768 32768 32768 32768 32768 32768 32768 32768 32768 32768 32768
32768 32768 32768 32768 32768 32768 32768 32768 32768 32768 32768 32768
32768 32768 32768 32768 32768 32768 32768 32768 32768 32768 32768 32768
32768 32768 32768 32768 32768 32768 32768 32768 32768 32768 32768 32768
32768 32768 32768 32768 32768 32768 32768 32768 32768 32768 32768 32768
32768 32768 32768 32768 32768 32768 32768 32768 32768 32768 32768 32768
32768 32768 32768 32768 32768 32768 32768 32768 32768 32768 32768 32768
32768 32768 32768 32768 32768 32768 32768 32768 32768 32768 32768 32768
32768 32768 32768 32768 32768 32768 32768 32768 32768 32768 32768 32768
32768 32768 32768 32768 32768 32768 32768 32768 32768 32768 32768 32768
32768 32768 32768 32768 32768 32768 32768 32768 32768 32768 32768 32768
32768 32768 32768 32768 32768 32768 32768 32768 32768 32768 32768 32768
32768 32768 32768 32768 32768 32768 32768 32768 32768 32768 32768 32768
32768 32768 32768 32768 32768 32768 32768 32768 32768 32768 32768 32768
32768 32768 32768 32768 32768 32768 32768 32768 32768 32768 32768 32768
32768 32768 32768 32768 32768 32768 32768 32768 32768 32768 32768 32768
32768 32768 32768 32768 32768 32768 32768 32768 32768 32768 32768 32768
32768 32768 32768 32768 32768 32768 32768 32768 32768 32768 32768 32768
32768 32768 32768 32768 32768 32768 32768 32768 32768 32768 32768 32768
32768 32768 32768 32768 32768 32768 32768 32768 32768 32768 32768 32768
32768 32768 32768 32768 32768 32768 32768 32768 32768 32768 32768 32768
32768 32768 32768 32768 32768 32768 32768 32768 32768 32768 32768 32768
32768 32768 32768 32768 32768 32768 32768 32768 32768 32768 32768 32768
32768 32768 32768 32768 32768 32768 32768 32768 32768 32768 32768 32768
32768 32768 32768 32768 32768 32768 32768 32768 32768 32768 32768 32768
32768 32768 32768 32768 32768 32768 32768 32768 32768 32768 32768 32768
32768 32768 32768 32768 32768 32768 32768 32768 32768 32768 32768 32768
32768 32768 32768 32768 32768 32768 32768 32768 32768 32768 32768 32768
32768 32768 32768 32768 32768 32768 32768 32768 32768 32768 32768 32768
32768 32768 32768 32768 32768 32768 32768 32768 32768 32768 32768 32768
32768 32768 32768 32768 32768 32768 32768 32768 32768 32768 32768 32768
32768 32768 32768 32768 32768 32768 32768 32768 32768 32768 32768 32768
32768 32768 32768 32768 32768 32768 32768 32768 32768 32768 32768 32768
32768 32768 32768 32768 32768 32768 32768 32768 32768 32768 32768 32768
32768 32768 32768 32768 32768 32768 32768 32768 32768 32768 32768 32768
32768 32768 32768 32768 32768 32768 32768 32768 32768 32768 32768 32768
32768 32768 32768 32768 32768 32768 32768 32768 32768 32768 32768 32768
32768 32768 32768 32768 32768 32768 32768 32768 32768 32768 32768 32768
32768 32768 32768 32768 32768 32768 32768 32768 32768 32768 32768 32768
32768 32768 32768 32768 32768 32768 32768 32768 32768 32768 32768 32768
32768 32768 32768 32768 32768 32768 32768 32768 32768 32768 32768 32768
32768 32768 32768 32768 32768 32768 32768 32768 32768 32768 32768 32768
32768 32768 32768 32768 32768 32768 32768 32768 32768 32768 32768 32768
32768 32768 32768 32768 32768 32768 32768 32768 32768 32768 32768 32768
32768 32768 32768 32768 32768 32768 32768 32768 32768 32768 32768 32768
32768 32768 32768 32768 32768 32768 32768 32768 32768 32768 32768 32768
32768 32768 32768 32768 32768 32768 32768 32768 32768 32768 32768 32768
32768 32768 32768 32768 32768 32768 32768 32768 32768 32768 32768 32768
32768 32768 32768 32768 32768 32768 32768 32768 32768 32768 32768 32768
32768 32768 32768 32768 32768 32768 32768 32768 32768 32768 32768 32768
32768 32768 32768 32768 32768 32768 32768 32768 32768 32768 32768 32768
32768 32768 32768 32768 32768 32768 32768 32768 32768 32768 32768 32768
32768 32768 32768 32768 32768 32768 32768 32768 32768 32768 32768 32768
32768 32768 32768 32768 32768 32768 32768 32768 32768 32768 32768 32768
32768 32768 32768 32768 32768 32768 32768 32768 32768 32768 32768 32768
32768 32768 32768 32768 32768 32768 32768 32768 32768 32768 32768 32768
32768 32768 32768 32768 32768 32768 32768 32768 32768 32768 32768 32768
32768 32768 32768 32768 32768 32768 32768 32768 32768 32768 32768 32768
32768 32768 32768 32768 32768 32768 32768 32768 32768 32768 32768 32768
32768 32768 32768 32768 32768 32768 32768 32768 32768 32768 32768 32768
32768 32768 32768 32768 32768 32768 32768 32768 32768 32768 32768 32768
32768 32768 32768 32768 32768 32768 32768 32768 32768 32768 32768 32768
32768 32768 32768 32768 32768 32768 32768 32768 32768 32768 32768 32768
32768 32768 32768 32768 32768 32768 32768 32768 32768 32768 32768 32768
32768 32768 32768 32768 32768 32768 32768 32768 32768 32768 32768 32768
32768 32768 32768 32768 32768 32768 32768 32768 32768 32768 32768 32768
32768 32768 32768 32768 32768 32768 32768 32768 32768 32768 32768 32768
32768 32768 32768 32768 32768 32768 32768 32768 32768 32768 32768 32768
32768 32768 32768 32768 32768 32768 32768 32768 32768 32768 32768 32768
32768 32768 32768 32768 32768 32768 32768 32768 32768 32768 32768 32768
32768 32768 32768 32768 32768 32768 32768 32768 32768 32768 32768 32768
32768 32768 32768 32768 32768 32768 32768 32768 32768 32768 32768 32768
32768 32768 32768 32768 32768 32768 32768 32768 32768 32768 32768 32768
32768 32768 32768 32768 32768 32768 32768 32768 32768 32768 32768 32768
32768 32768 32768 32768 32768 32768 32768 32768 32768 32768 32768 32768
32768 32768 32768 32768 32768 32768 32768 32768 32768 32768 32768 32768
32768 32768 32768 32768 32768 32768 32768 32768 32768 32768 32768 32768
32768 32768 32768 32768 32768 32768 32768 32768 32768 32768 32768 32768
32768 32768 32768 32768 32768 32768 32768 32768 32768 32768 32768 32768
32768 32768 32768 32768 32768 32768 32768 32768 32768 32768 32768 32768
32768 32768 32768 32768 32768 32768 32768 32768 32768 32768 32768 32768
32768 32768 32768 32768 32768 32768 32768 32768 32768 32768 32768 32768
32768 32768 32768 32768 32768 32768 32768 32768 32768 32768 32768 32768
32768 32768 32768 32768 32768 32768 32768 32768 32768 32768 32768 32768
32768 32768 32768 32768 32768 32768 32768 32768 32768 32768 32768 32768
32768 32768 32768 32768 32768 32768 32768 32768 32768 32768 32768 32768
32768 32768 32768 32768 32768 32768 32768 32768 32768 32768 32768 32768
32768 32768 32768 32768 32768 32768 32768 32768 32768 32768 32768 32768
32768 32768 32768 32768 32768 32768 32768 32768 32768 32768 32768 32768
32768 32768 32768 32768 32768 32768 32768 32768 32768 32768 32768 32768
32768 32768 32768 32768 32768 32768 32768 32768 32768 32768 32768 32768
32768 32768 32768 32768 32768 32768 32768 32768 32768 32768 32768 32768
32768 32768 32768 32768 32768 32768 32768 32768 32768 32768 32768 32768
32768 32768 32768 32768 32768 32768 32768 32768 32768 32768 32768 32768
32768 32768 32768 32768 32768 32768 32768 32768 32768 32768 32768 32768
32768 32768 32768 32768 32768 32768 32768 32768 32768 32768 32768 32768
32768 32768 32768 32768 32768 32768 32768 32768 32768 32768 32768 32768
32768 32768 32768 32768 32768 32768 32768 32768 32768 32768 32768 32768
32768 32768 32768 32768 32768 32768 32768 32768 32768 32768 32768 32768
32768 32768 32768 32768 32768 32768 32768 32768 32768 32768 32768 32768
32768 32768 32768 32768 32768 32768 32768 32768 32768 32768 32768 32768
32768 32768 32768 32768 32768 32768 32768 32768 32768 32768 32768 32768
32768 32768 32768 32768 32768 32768 32768 32768 32768 32768 32768 32768
32768 32768 32768 32768 32768 32768 32768 32768 32768 32768 32768 32768
32768 32768 32768 32768 32768 32768 32768 32768 32768 32768 32768 32768
32768 32768 32768 32768 32768 32768 32768 32768 32768 32768 32768 32768
32768 32768 32768 32768 32768 32768 32768 32768 32768 32768 32768 32768
32768 32768 32768 32768 32768 32768 32768 32768 32768 32768 32768 32768
32768 32768 32768 32768 32768 32768 32768 32768 32768 32768 32768 32768
32768 32768 32768 32768 32768 32768 32768 32768 32768 32768 32768 32768
32768 32768 32768 32768 32768 32768 32768 32768 32768 32768 32768 32768
32768 32768 32768 32768 32768 32768 32768 32768 32768 32768 32768 32768
32768 32768 32768 32768 32768 32768 32768 32768 32768 32768 32768 32768
32768 32768 32768 32768 32768 32768 32768 32768 32768 32768 32768 32768
32768 32768 32768 32768 32768 32768 32768 32768 32768 32768 32768 32768
32768 32768 32768 32768 32768 32768 32768 32768 32768 32768 32768 32768
32768 32768 32768 32768 32768 32768 32768 32768 32768 32768 32768 32768
32768 32768 32768 32768 32768 32768 32768 32768 32768 32768 32768 32768
32768 32768 32768 32768 32768 32768 32768 32768 32768 32768 32768 32768
32768 32768 32768 32768 32768 32768 32768 32768 32768 32768 32768 32768
32768 32768 32768 32768 32768 32768 32768 32768 32768 32768 32768 32768
32768 32768 32768 32768 32768 32768 32768 32768 32768 32768 32768 32768
32768 32768 32768 32768 32768 32768 32768 32768 32768 32768 32768 32768
32768 32768 32768 32768 32768 32768 32768 32768 32768 32768 32768 32768
32768 32768 32768 32768 32768 32768 32768 32768 32768 32768 32768 32768
32768 32768 32768 32768 32768 32768 32768 32768 32768 32768 32768 32768
32768 32768 32768 32768 32768 32768 32768 32768 32768 32768 32768 32768
32768 32768 32768 32768 32768 32768 32768 32768 32768 32768 32768 32768
32768 32768 32768 32768 32768 32768 32768 32768 32768 32768 32768 32768
32768 32768 32768 32768 32768 32768 32768 32768 32768 32768 32768 32768
32768 32768 32768 32768 32768 32768 32768 32768 32768 32768 32768 32768
32768 32768 32768 32768 32768 32768 32768 32768 32768 32768 32768 32768
32768 32768 32768 32768 32768 32768 32768 32768 110 111 32771 32771
32771 32771 32771 32771 32771 32771 32771 32771 32771 32771 32771 32771
32768 32768 32768 32768 32768 32768 32768 32768 32768 32768 32768 32768
32768 32768 32768 32768 32768 32768 32768 32768 32768 32768 32768 32768
32768 32768 32768 32768 32768 32768 32768 32768 32768 32768 32768 32768
32768 32768 32768 32768 32768 32768 32768 32768 32768 32768 32768 32768
32768 32768 32768 32768 32768 32768 32768 32768 32768 32768 32768 32768
32768 32768 32768 32768 32768 32768 32768 32768 32768 32768 32768 32768
32768 32768 32768 32768 32768 32768 32768 32768 32768 32768 32768 32768
32768 32768 32768 32768 32768 32768 32768 32768 32768 32768 32768 32768
32768 32768 32768 32768 32768 32768 32768 32768 32768 32768 32768 32768
32768 32768 32768 32768 32768 32768 32768 32768 32768 32768 32768 32768
32768 32768 32768 32768 32768 32768 32768 32768 32768 32768 32768 32768
32768 32768 32768 32768 32768 32768 32768 32768 32768 32768 32768 32768
32768 32768 32768 32768 32768 32768 32768 32768 32768 32768 32768 32768
32768 32768 32768 32768 32768 32768 32768 32768 32768 32768 32768 32768
32768 32768 32768 32768 32768 32768 32768 32768 32768 32768 32768 32768
32768 32768 32768 32768 32768 32768 32768 32768 32768 32768 32768 32768
32768 32768 32768 32768 32768 32768 32768 32768 32768 32768 32768 32768
32768 32768 32768 32768 32768 32768 32768 32768 32768 32768 32768 32768
32768 32768 32768 32768 32768 32768 32768 32768 32768 32768 32768 32768
32768 32768 32768 32768 32768 32768 32768 32768 32768 32768 32768 32768
32768 32768 32768 32768 32768 32768 32768 32768 32768 32768 32768 32768
32768 32768 32768 32768 32768 32768 32768 32768 32768 32768 32768 32768
32768 32768 32768 32768 32768 32768 32768 32768 32768 32768 32768 32768
32768 32768 32768 32768 32768 32768 32768 32768 32768 32768 32768 32768
32768 32768 32768 32768 32768 32768 32768 32768 32768 32768 32768 32768
32768 32768 32768 32768 32768 32768 32768 32768 32768 32768 32768 32768
32768 32768 32768 32768 32768 32768 32768 32768 32768 32768 32768 32768
32768 32768 32768 32768 32768 32768 32768 32768 32768 32768 32768 32768
32768 32768 32768 32768 32768 32768 32768 32768 32768 32768 32768 32768
32768 32768 32768 32768 32768 32768 32768 32768 32768 32768 32768 32768
32768 32768 32768 32768 32768 32768 32768 32768 32768 32768 32768 32768
32768 32768 32768 32768 32768 32768 32768 32768 32768 32768 32768 32768
32768 32768 32768 32768 32768 32768 32768 32768 32768 32768 32768 32768
32768 32768 32768 32768 32768 32768 32768 32768 32768 32768 32768 32768
32768 32768 32768 32768 32768 32768 32768 32768 32768 32768 32768 32768
32768 32768 32768 32768 32768 32768 32768 32768 32768 32768 32768 32768
32768 32768 32768 32768 32768 32768 32768 32768 32768 32768 32768 32768
32768 32768 32768 32768 32768 32768 32768 32768 32768 32768 32768 32768
32768 32768 32768 32768 32768 32768 32768 32768 32768 32768 32768 32768
32768 32768 32768 32768 32768 32768 32768 32768 32768 32768 32768 32768
32768 32768 32768 32768 32768 32768 32768 32768 32768 32768 32768 32768
32768 32768 32768 32768 32768 32768 32768 32768 32768 32768 32768 32768
32768 32768 32768 32768 32768 32768 32768 32768 32768 32768 32768 32768
32768 32768 32768 32768 32768 32768 32768 32768 32768 32768 32768 32768
32768 32768 32768 32768 32768 32768 32768 32768 32768 32768 32768 32768
32768 32768 32768 32768 32768 32768 32768 32768 32768 32768 32768 32768
32768 32768 32768 32768 32768 32768 32768 32768 32768 32768 32768 32768
32768 32768 32768 32768 32768 32768 32768 32768 32768 32768 32768 32768
32768 32768 32768 32768 32768 32768 32768 32768 32768 32768 32768 32768
32768 32768 32768 32768 32768 32768 32768 32768 32768 32768 32768 32768
32768 32768 32768 32768 32768 32768 32768 32768 32768 32768 32768 32768
32768 32768 32768 32768 32768 32768 32768 32768 32768 32768 32768 32768
32768 32768 32768 32768 32768 32768 32768 32768 32768 32768 32768 32768
32768 32768 32768 32768 32768 32768 32768 32768 32768 32768 32768 32768
32768 32768 32768 32768 32768 32768 32768 32768 32768 32768 32768 32768
32768 32768 32768 32768 32768 32768 32768 32768 32768 32768 32768 32768
32768 32768 32768 32768 32768 32768 32768 32768 32768 32768 32768 32768
32768 32768 32768 32768 32768 32768 32768 32768 32768 32768 32768 32768
32768 32768 32768 32768 32768 32768 32768 32768 32768 32768 32768 32768
32768 32768 32768 32768 32768 32768 32768 32768 32768 32768 32768 32768
32768 32768 32768 32768 32768 32768 32768 32768 32768 32768 32768 32768
32768 32768 32768 32768 32768 32768 32768 32768 32768 32768 32768 32768
32768 32768 32768 32768 32768 32768 32768 32768
